0.000855
0.001053
0.001137
0.000722
0.000939
0.000878
0.000961
0.000945
0.000898
0.000900
0.000970
0.000970
0.000825
0.000875
0.000875
0.000902
0.000989
0.000904
0.000905
0.000907
0.001015
0.000972
0.000984
0.000926
0.001012
0.000925
0.000883
0.000894
0.000895
0.000951
0.000928
0.000996
0.000826
0.000777
0.000991
0.000941
0.000927
0.000936
0.000906
0.001029
0.000911
0.000878
0.000792
0.000893
0.001023
0.000970
0.000889
0.001011
0.000916
0.000834
0.001087
0.000837
0.000977
0.000971
0.000917
0.001122
0.000859
0.000832
0.000978
0.000898
0.000897
0.000943
0.001053
0.001008
0.000892
0.000874
0.000955
0.000962
0.000922
0.000982
0.000738
0.000912
0.000778
0.001021
0.000939
0.000868
0.001026
0.000913
0.001018
0.000919
0.001107
0.001081
0.000835
0.000876
0.000816
0.000931
0.000938
0.000603
0.001090
0.001015
0.000962
0.001004
0.000701
0.000970
0.000874
0.000801
0.000847
0.000810
0.000947
0.000994
Average: 0.00092541