0.001205
0.000969
0.000951
0.000968
0.000576
0.000665
0.000870
0.000957
0.001011
0.001035
0.001021
0.000640
0.000662
0.001011
0.001136
0.001117
0.000968
0.000725
0.001096
0.001094
0.000659
0.000619
0.001042
0.001080
0.001053
0.000771
0.000659
0.000618
0.000636
0.000673
0.000631
0.000897
0.001030
0.000998
0.000628
0.000991
0.000617
0.001025
0.001134
0.000680
0.000634
0.000615
0.000991
0.001029
0.000933
0.000897
0.000880
0.001149
0.001043
0.001062
0.000717
0.001026
0.001137
0.001068
0.000670
0.000661
0.001023
0.001042
0.001302
0.000641
0.001141
0.001082
0.000638
0.000637
0.000702
0.000815
0.001001
0.001042
0.001102
0.000681
0.001093
0.000981
0.000709
0.000740
0.000739
0.000974
0.000981
0.000629
0.001074
0.001029
0.001040
0.000644
0.000636
0.000729
0.001060
0.000683
0.001157
0.001005
0.000620
0.000644
0.001008
0.000979
0.001101
0.001307
0.001077
0.000656
0.001211
0.001266
0.000821
0.000750
